     0.0,     0.0,     0.0,     0.0,     0.0,     0.0,     0.0,     0.0,     0.0,     0.0,     0.0,     0.0,     0.0,     0.0,     0.0,     0.0,     0.0,     0.0,     0.0,     0.0,     0.0,     0.0,     0.0,     0.0,     0.0,     0.0,     0.0,     0.0,     0.0,     0.0,     0.0,     0.0,     0.0,
     0.0,     0.0,     0.0,     0.0,     0.0,     0.0,     0.0,     0.0,     0.0,     0.0,     0.0,     0.0,     0.0,     0.0,     0.0,     0.0,     0.0,     0.0,     0.0,     0.0,     0.0,     0.0,     0.0,     0.0,     0.0,     0.0,     0.0,     0.0,     0.0,     0.0,     0.0,     0.0,     0.0,
     0.0,     0.0,     0.0,     0.0,     0.0,     0.0,     0.0,     0.0,     0.0,     0.0,     0.0,     0.0,     0.0,     0.0,     0.0,     0.0,     0.0,     0.0,     0.0,     0.0,     0.0,     0.0,     0.0,     0.0,     0.0,     0.0,     0.0,     0.0,     0.0,     0.0,     0.0,     0.0,     0.0,
     0.0,     0.0,     0.0,     0.0,     0.0,     0.0,     0.0,     0.0,     0.0,     0.0,     0.0,     0.0,     0.0,     0.0,     0.0,     0.0,     0.0,     0.0,     0.0,     0.0,     0.0,     0.0,     0.0,     0.0,     0.0,     0.0,     0.0,     0.0,     0.0,     0.0,     0.0,     0.0,     0.0,
     0.0,     0.0,     0.0,     0.0,     0.0,     0.0,     0.0,     0.0,     0.0,     0.0,     0.0,     0.0,     0.0,     0.0,     0.0,     0.0,     0.0,     0.0,     0.0,     0.0,     0.0,     0.0,     0.0,     0.0,     0.0,     0.0,     0.0,     0.0,     0.0,     0.0,     0.0,     0.0,     0.0,
     0.0,     0.0,     0.0,     0.0,     0.0,     0.0,     0.0,     0.0,     0.0,     0.0,     0.0,     0.0,     0.0,     0.0,     0.0,     0.0,     0.0,     0.0,     0.0,     0.0,     0.0,     0.0,     0.0,     0.0,     0.0,     0.0,     0.0,     0.0,     0.0,     0.0,     0.0,     0.0,     0.0,
     0.0,     0.0,     0.0,     0.0,     0.0,     0.0,     0.0,     0.0,     0.0,     0.0,     0.0,     0.0,     0.0,     0.0,     0.0,     0.0,     0.0,     0.0,     0.0,     0.0,     0.0,     0.0,     0.0,     0.0,     0.0,     0.0,     0.0,     0.0,     0.0,     0.0,     0.0,     0.0,     0.0,
     0.0,     0.0,     0.0,     0.0,     0.0,     0.0,     0.0,     0.0,     0.0,     0.0,     0.0,     0.0,     0.0,     0.0,     0.0,     0.0,     0.0,     0.0,     0.0,     0.0,     0.0,     0.0,     0.0,     0.0,     0.0,     0.0,     0.0,     0.0,     0.0,     0.0,     0.0,     0.0,     0.0,
     0.0,     0.0,     0.0,     0.0,     0.0,     0.0,     0.0,     0.0,     0.0,     0.0,     0.0,     0.0,     0.0,     0.0,     0.0,     0.0,     0.0,     0.0,     0.0,     0.0,     0.0,     0.0,     0.0,     0.0,     0.0,     0.0,     0.0,     0.0,     0.0,     0.0,     0.0,     0.0,     0.0,
     0.0,     0.0,     0.0,     0.0,     0.0,     0.0,     0.0,     0.0,     0.0,     0.0,     0.0,     0.0,     0.0,     0.0,     0.0,     0.0,     0.0,     0.0,     0.0,     0.0,     0.0,     0.0,     0.0,     0.0,     0.0,     0.0,     0.0,     0.0,     0.0,     0.0,     0.0,     0.0,     0.0,
     0.0,     0.0,     0.0,     0.0,     0.0,     0.0,     0.0,     0.0,     0.0,     0.0,     0.0,     0.0,     0.0,     0.0,     0.0,     0.0,     0.0,     0.0,     0.0,     0.0,     0.0,     0.0,     0.0,     0.0,     0.0,     0.0,     0.0,     0.0,     0.0,     0.0,     0.0,     0.0,     0.0,
     0.0,     0.0,     0.0,     0.0,     0.0,     0.0,     0.0,     0.0,     0.0,     0.0,     0.0,     0.0,     0.0,     0.0,     0.0,     0.0,     0.0,     0.0,     0.0,     0.0,     0.0,     0.0,     0.0,     0.0,     0.0,     0.0,     0.0,     0.0,     0.0,     0.0,     0.0,     0.0,     0.0,
     0.0,     0.0,     0.0,     0.0,     0.0,     0.0,     0.0,     0.0,     0.0,     0.0,     0.0,     0.0,     0.0,     0.0,     0.0,     0.0,     0.0,     0.0,     0.0,     0.0,     0.0,     0.0,     0.0,     0.0,     0.0,     0.0,     0.0,     0.0,     0.0,     0.0,     0.0,     0.0,     0.0,
     0.0,     0.0,     0.0,     0.0,     0.0,     0.0,     0.0,     0.0,     0.0,     0.0,     0.0,     0.0,     0.0,     0.0,     0.0,     0.0,     0.0,     0.0,     0.0,     0.0,     0.0,     0.0,     0.0,     0.0,     0.0,     0.0,     0.0,     0.0,     0.0,     0.0,     0.0,     0.0,     0.0,
     0.0,     0.0,     0.0,     0.0,     0.0,     0.0,     0.0,     0.0,     0.0,     0.0,     0.0,     0.0,     0.0,     0.0,     0.0,     0.0,     0.0,     0.0,     0.0,     0.0,     0.0,     0.0,     0.0,     0.0,     0.0,     0.0,     0.0,     0.0,     0.0,     0.0,     0.0,     0.0,     0.0,
     0.0,     0.0,     0.0,     0.0,     0.0,     0.0,     0.0,     0.0,     0.0,     0.0,     0.0,     0.0,     0.0,     0.0,     0.0,     0.0,     0.0,     0.0,     0.0,     0.0,     0.0,     0.0,     0.0,     0.0,     0.0,     0.0,     0.0,     0.0,     0.0,     0.0,     0.0,     0.0,     0.0,
     0.0,     0.0,     0.0,     0.0,     0.0,     0.0,     0.0,     0.0,     0.0,     0.0,     0.0,     0.0,     0.0,     0.0,     0.0,     0.0,     0.0,     0.0,     0.0,     0.0,     0.0,     0.0,     0.0,     0.0,     0.0,     0.0,     0.0,     0.0,     0.0,     0.0,     0.0,     0.0,     0.0,
     0.0,     0.0,     0.0,     0.0,     0.0,     0.0,     0.0,     0.0,     0.0,     0.0,     0.0,     0.0,     0.0,     0.0,     0.0,     0.0,     0.0,     0.0,     0.0,     0.0,     0.0,     0.0,     0.0,     0.0,     0.0,     0.0,     0.0,     0.0,     0.0,     0.0,     0.0,     0.0,     0.0,
     0.0,     0.0,     0.0,     0.0,     0.0,     0.0,     0.0,     0.0,     0.0,     0.0,     0.0,     0.0,     0.0,     0.0,     0.0,     0.0,     0.0,     0.0,     0.0,     0.0,     0.0,     0.0,     0.0,     0.0,     0.0,     0.0,     0.0,     0.0,     0.0,     0.0,     0.0,     0.0,     0.0,
     0.0,     0.0,     0.0,     0.0,     0.0,     0.0,     0.0,     0.0,     0.0,     0.0,     0.0,     0.0,     0.0,     0.0,     0.0,     0.0,     0.0,     0.0,     0.0,     0.0,     0.0,     0.0,     0.0,     0.0,     0.0,     0.0,     0.0,     0.0,     0.0,     0.0,     0.0,     0.0,     0.0,
     0.0,     0.0,     0.0,     0.0,     0.0,     0.0,     0.0,     0.0,     0.0,     0.0,     0.0,     0.0,     0.0,     0.0,     0.0,     0.0,     0.0,     0.0,     0.0,     0.0,     0.0,     0.0,     0.0,     0.0,     0.0,     0.0,     0.0,     0.0,     0.0,     0.0,     0.0,     0.0,     0.0,
     0.0,     0.0,     0.0,     0.0,     0.0,     0.0,     0.0,     0.0,     0.0,     0.0,     0.0,     0.0,     0.0,     0.0,     0.0,     0.0,     0.0,     0.0,     0.0,     0.0,     0.0,     0.0,     0.0,     0.0,     0.0,     0.0,     0.0,     0.0,     0.0,     0.0,     0.0,     0.0,     0.0,
     0.0,     0.0,     0.0,     0.0,     0.0,     0.0,     0.0,     0.0,     0.0,     0.0,     0.0,     0.0,     0.0,     0.0,     0.0,     0.0,     0.0,     0.0,     0.0,     0.0,     0.0,     0.0,     0.0,     0.0,     0.0,     0.0,     0.0,     0.0,     0.0,     0.0,     0.0,     0.0,     0.0,
     0.0,     0.0,     0.0,     0.0,     0.0,     0.0,     0.0,     0.0,     0.0,     0.0,     0.0,     0.0,     0.0,     0.0,     0.0,     0.0,     0.0,     0.0,     0.0,     0.0,     0.0,     0.0,     0.0,     0.0,     0.0,     0.0,     0.0,     0.0,     0.0,     0.0,     0.0,     0.0,     0.0,
     0.0,     0.0,     0.0,     0.0,     0.0,     0.0,     0.0,     0.0,     0.0,     0.0,     0.0,     0.0,     0.0,     0.0,     0.0,     0.0,     0.0,     0.0,     0.0,     0.0,     0.0,     0.0,     0.0,     0.0,     0.0,     0.0,     0.0,     0.0,     0.0,     0.0,     0.0,     0.0,     0.0,
     0.0,     0.0,     0.0,     0.0,     0.0,     0.0,     0.0,     0.0,     0.0,     0.0,     0.0,     0.0,     0.0,     0.0,     0.0,     0.0,     0.0,     0.0,     0.0,     0.0,     0.0,     0.0,     0.0,     0.0,     0.0,     0.0,     0.0,     0.0,     0.0,     0.0,     0.0,     0.0,     0.0,
     0.0,     0.0,     0.0,     0.0,     0.0,     0.0,     0.0,     0.0,     0.0,     0.0,     0.0,     0.0,     0.0,     0.0,     0.0,     0.0,     0.0,     0.0,     0.0,     0.0,     0.0,     0.0,     0.0,     0.0,     0.0,     0.0,     0.0,     0.0,     0.0,     0.0,     0.0,     0.0,     0.0,
     0.0,     0.0,     0.0,     0.0,     0.0,     0.0,     0.0,     0.0,     0.0,     0.0,     0.0,     0.0,     0.0,     0.0,     0.0,     0.0,     0.0,     0.0,     0.0,     0.0,     0.0,     0.0,     0.0,     0.0,     0.0,     0.0,     0.0,     0.0,     0.0,     0.0,     0.0,     0.0,     0.0,
     0.0,     0.0,     0.0,     0.0,     0.0,     0.0,     0.0,     0.0,     0.0,     0.0,     0.0,     0.0,     0.0,     0.0,     0.0,     0.0,     0.0,     0.0,     0.0,     0.0,     0.0,     0.0,     0.0,     0.0,     0.0,     0.0,     0.0,     0.0,     0.0,     0.0,     0.0,     0.0,     0.0,
     0.0,     0.0,     0.0,     0.0,     0.0,     0.0,     0.0,     0.0,     0.0,     0.0,     0.0,     0.0,     0.0,     0.0,     0.0,     0.0,     0.0,     0.0,     0.0,     0.0,     0.0,     0.0,     0.0,     0.0,     0.0,     0.0,     0.0,     0.0,     0.0,     0.0,     0.0,     0.0,     0.0,
     0.0,     0.0,     0.0,     0.0,     0.0,     0.0,     0.0,     0.0,     0.0,     0.0,     0.0,     0.0,     0.0,     0.0,     0.0,     0.0,     0.0,     0.0,     0.0,     0.0,     0.0,     0.0,     0.0,     0.0,     0.0,     0.0,     0.0,     0.0,     0.0,     0.0,     0.0,     0.0,     0.0,
     0.0,     0.0,     0.0,     0.0,     0.0,     0.0,     0.0,     0.0,     0.0,     0.0,     0.0,     0.0,     0.0,     0.0,     0.0,     0.0,     0.0,     0.0,     0.0,     0.0,     0.0,     0.0,     0.0,     0.0,     0.0,     0.0,     0.0,     0.0,     0.0,     0.0,     0.0,     0.0,     0.0,
     0.0,     0.0,     0.0,     0.0,     0.0,     0.0,     0.0,     0.0,     0.0,     0.0,     0.0,     0.0,     0.0,     0.0,     0.0,     0.0,     0.0,     0.0,     0.0,     0.0,     0.0,     0.0,     0.0,     0.0,     0.0,     0.0,     0.0,     0.0,     0.0,     0.0,     0.0,     0.0,     0.0,
     0.0,     0.0,     0.0,     0.0,     0.0,     0.0,     0.0,     0.0,     0.0,     0.0,     0.0,     0.0,     0.0,     0.0,     0.0,     0.0,     0.0,     0.0,     0.0,     0.0,     0.0,     0.0,     0.0,     0.0,     0.0,     0.0,     0.0,     0.0,     0.0,     0.0,     0.0,     0.0,     0.0,
     0.0, 0.00098, 0.00195, 0.00293, 0.00390, 0.00485, 0.00576, 0.00661, 0.00738, 0.00803, 0.00854, 0.00889, 0.00906, 0.00904, 0.00885, 0.00850, 0.00803, 0.00745, 0.00681, 0.00614, 0.00546, 0.00479, 0.00416, 0.00357, 0.00303, 0.00253, 0.00208, 0.00167, 0.00129, 0.00094, 0.00062, 0.00031,     0.0,
     0.0, 0.00195, 0.00391, 0.00586, 0.00780, 0.00971, 0.01155, 0.01327, 0.01482, 0.01614, 0.01717, 0.01787, 0.01820, 0.01817, 0.01778, 0.01707, 0.01610, 0.01493, 0.01364, 0.01227, 0.01090, 0.00957, 0.00830, 0.00712, 0.00603, 0.00504, 0.00414, 0.00332, 0.00257, 0.00188, 0.00123, 0.00061,     0.0,
     0.0, 0.00293, 0.00586, 0.00880, 0.01172, 0.01460, 0.01738, 0.01999, 0.02235, 0.02436, 0.02593, 0.02700, 0.02751, 0.02745, 0.02684, 0.02575, 0.02426, 0.02246, 0.02048, 0.01840, 0.01632, 0.01431, 0.01240, 0.01062, 0.00899, 0.00751, 0.00616, 0.00494, 0.00382, 0.00279, 0.00182, 0.00090,     0.0,
     0.0, 0.00390, 0.00780, 0.01172, 0.01563, 0.01949, 0.02324, 0.02678, 0.02998, 0.03272, 0.03486, 0.03630, 0.03699, 0.03689, 0.03605, 0.03454, 0.03248, 0.03003, 0.02732, 0.02450, 0.02169, 0.01897, 0.01641, 0.01403, 0.01186, 0.00990, 0.00811, 0.00650, 0.00503, 0.00367, 0.00240, 0.00118,     0.0,
     0.0, 0.00485, 0.00971, 0.01460, 0.01949, 0.02435, 0.02909, 0.03357, 0.03765, 0.04114, 0.04388, 0.04573, 0.04659, 0.04644, 0.04534, 0.04338, 0.04072, 0.03756, 0.03409, 0.03049, 0.02693, 0.02350, 0.02028, 0.01732, 0.01462, 0.01218, 0.00998, 0.00799, 0.00617, 0.00450, 0.00294, 0.00145,     0.0,
     0.0, 0.00576, 0.01155, 0.01738, 0.02324, 0.02909, 0.03481, 0.04026, 0.04523, 0.04950, 0.05286, 0.05511, 0.05615, 0.05595, 0.05456, 0.05212, 0.04882, 0.04492, 0.04067, 0.03628, 0.03196, 0.02782, 0.02396, 0.02042, 0.01721, 0.01432, 0.01172, 0.00937, 0.00724, 0.00528, 0.00345, 0.00170,     0.0,
     0.0, 0.00661, 0.01327, 0.01999, 0.02678, 0.03357, 0.04026, 0.04665, 0.05251, 0.05756, 0.06152, 0.06419, 0.06541, 0.06514, 0.06346, 0.06052, 0.05658, 0.05193, 0.04689, 0.04172, 0.03666, 0.03184, 0.02736, 0.02328, 0.01959, 0.01628, 0.01330, 0.01063, 0.00821, 0.00598, 0.00391, 0.00193,     0.0,
     0.0, 0.00738, 0.01482, 0.02235, 0.02998, 0.03765, 0.04523, 0.05251, 0.05921, 0.06499, 0.06954, 0.07259, 0.07397, 0.07364, 0.07167, 0.06825, 0.06369, 0.05834, 0.05255, 0.04665, 0.04088, 0.03543, 0.03040, 0.02582, 0.02170, 0.01801, 0.01471, 0.01174, 0.00906, 0.00660, 0.00431, 0.00213,     0.0,
     0.0, 0.00803, 0.01614, 0.02436, 0.03272, 0.04114, 0.04950, 0.05756, 0.06499, 0.07142, 0.07649, 0.07988, 0.08140, 0.08101, 0.07879, 0.07495, 0.06983, 0.06385, 0.05740, 0.05086, 0.04449, 0.03850, 0.03297, 0.02797, 0.02348, 0.01947, 0.01589, 0.01269, 0.00979, 0.00713, 0.00465, 0.00230,     0.0,
     0.0, 0.00854, 0.01717, 0.02593, 0.03486, 0.04388, 0.05286, 0.06152, 0.06954, 0.07649, 0.08196, 0.08562, 0.08727, 0.08682, 0.08440, 0.08022, 0.07467, 0.06819, 0.06122, 0.05417, 0.04733, 0.04091, 0.03501, 0.02967, 0.02490, 0.02064, 0.01684, 0.01344, 0.01036, 0.00755, 0.00493, 0.00243,     0.0,
     0.0, 0.00889, 0.01787, 0.02700, 0.03630, 0.04573, 0.05511, 0.06419, 0.07259, 0.07988, 0.08562, 0.08947, 0.09119, 0.09072, 0.08817, 0.08377, 0.07794, 0.07113, 0.06383, 0.05645, 0.04930, 0.04259, 0.03643, 0.03088, 0.02590, 0.02147, 0.01752, 0.01398, 0.01079, 0.00786, 0.00513, 0.00253,     0.0,
     0.0, 0.00906, 0.01820, 0.02751, 0.03699, 0.04659, 0.05615, 0.06541, 0.07397, 0.08140, 0.08727, 0.09119, 0.09295, 0.09248, 0.08988, 0.08541, 0.07947, 0.07254, 0.06510, 0.05759, 0.05031, 0.04348, 0.03721, 0.03155, 0.02648, 0.02196, 0.01793, 0.01431, 0.01105, 0.00805, 0.00526, 0.00260,     0.0,
     0.0, 0.00904, 0.01817, 0.02745, 0.03689, 0.04644, 0.05595, 0.06514, 0.07364, 0.08101, 0.08682, 0.09072, 0.09248, 0.09203, 0.08948, 0.08508, 0.07921, 0.07237, 0.06501, 0.05757, 0.05035, 0.04356, 0.03733, 0.03168, 0.02662, 0.02210, 0.01806, 0.01443, 0.01114, 0.00813, 0.00531, 0.00262,     0.0,
     0.0, 0.00885, 0.01778, 0.02684, 0.03605, 0.04534, 0.05456, 0.06346, 0.07167, 0.07879, 0.08440, 0.08817, 0.08988, 0.08948, 0.08705, 0.08285, 0.07725, 0.07068, 0.06361, 0.05643, 0.04945, 0.04287, 0.03681, 0.03130, 0.02635, 0.02190, 0.01792, 0.01434, 0.01109, 0.00809, 0.00529, 0.00261,     0.0,
     0.0, 0.00850, 0.01707, 0.02575, 0.03454, 0.04338, 0.05212, 0.06052, 0.06825, 0.07495, 0.08022, 0.08377, 0.08541, 0.08508, 0.08285, 0.07897, 0.07377, 0.06766, 0.06105, 0.05431, 0.04772, 0.04149, 0.03571, 0.03044, 0.02568, 0.02140, 0.01754, 0.01406, 0.01088, 0.00795, 0.00520, 0.00257,     0.0,
     0.0, 0.00803, 0.01610, 0.02426, 0.03248, 0.04072, 0.04882, 0.05658, 0.06369, 0.06983, 0.07467, 0.07794, 0.07947, 0.07921, 0.07725, 0.07377, 0.06909, 0.06355, 0.05753, 0.05136, 0.04529, 0.03951, 0.03412, 0.02918, 0.02468, 0.02062, 0.01694, 0.01360, 0.01054, 0.00771, 0.00505, 0.00250,     0.0,
     0.0, 0.00745, 0.01493, 0.02246, 0.03003, 0.03756, 0.04492, 0.05193, 0.05834, 0.06385, 0.06819, 0.07113, 0.07254, 0.07237, 0.07068, 0.06766, 0.06355, 0.05866, 0.05331, 0.04779, 0.04232, 0.03706, 0.03213, 0.02757, 0.02340, 0.01960, 0.01615, 0.01299, 0.01009, 0.00739, 0.00484, 0.00240,     0.0,
     0.0, 0.00681, 0.01364, 0.02048, 0.02732, 0.03409, 0.04067, 0.04689, 0.05255, 0.05740, 0.06122, 0.06383, 0.06510, 0.06501, 0.06361, 0.06105, 0.05753, 0.05331, 0.04866, 0.04381, 0.03897, 0.03429, 0.02985, 0.02572, 0.02191, 0.01841, 0.01520, 0.01226, 0.00954, 0.00700, 0.00459, 0.00227,     0.0,
     0.0, 0.00614, 0.01227, 0.01840, 0.02450, 0.03049, 0.03628, 0.04172, 0.04665, 0.05086, 0.05417, 0.05645, 0.05759, 0.05757, 0.05643, 0.05431, 0.05136, 0.04779, 0.04381, 0.03964, 0.03543, 0.03132, 0.02739, 0.02369, 0.02026, 0.01708, 0.01415, 0.01144, 0.00892, 0.00655, 0.00430, 0.00213,     0.0,
     0.0, 0.00546, 0.01090, 0.01632, 0.02169, 0.02693, 0.03196, 0.03666, 0.04088, 0.04449, 0.04733, 0.04930, 0.05031, 0.05035, 0.04945, 0.04772, 0.04529, 0.04232, 0.03897, 0.03543, 0.03182, 0.02826, 0.02483, 0.02157, 0.01851, 0.01566, 0.01301, 0.01055, 0.00824, 0.00606, 0.00399, 0.00198,     0.0,
     0.0, 0.00479, 0.00957, 0.01431, 0.01897, 0.02350, 0.02782, 0.03184, 0.03543, 0.03850, 0.04091, 0.04259, 0.04348, 0.04356, 0.04287, 0.04149, 0.03951, 0.03706, 0.03429, 0.03132, 0.02826, 0.02522, 0.02225, 0.01942, 0.01673, 0.01420, 0.01184, 0.00962, 0.00753, 0.00555, 0.00365, 0.00181,     0.0,
     0.0, 0.00416, 0.00830, 0.01240, 0.01641, 0.02028, 0.02396, 0.02736, 0.03040, 0.03297, 0.03501, 0.03643, 0.03721, 0.03733, 0.03681, 0.03571, 0.03412, 0.03213, 0.02985, 0.02739, 0.02483, 0.02225, 0.01972, 0.01728, 0.01494, 0.01273, 0.01064, 0.00867, 0.00680, 0.00502, 0.00331, 0.00164,     0.0,
     0.0, 0.00357, 0.00712, 0.01062, 0.01403, 0.01732, 0.02042, 0.02328, 0.02582, 0.02797, 0.02967, 0.03088, 0.03155, 0.03168, 0.03130, 0.03044, 0.02918, 0.02757, 0.02572, 0.02369, 0.02157, 0.01942, 0.01728, 0.01519, 0.01318, 0.01127, 0.00944, 0.00771, 0.00606, 0.00448, 0.00296, 0.00147,     0.0,
     0.0, 0.00303, 0.00603, 0.00899, 0.01186, 0.01462, 0.01721, 0.01959, 0.02170, 0.02348, 0.02490, 0.02590, 0.02648, 0.02662, 0.02635, 0.02568, 0.02468, 0.02340, 0.02191, 0.02026, 0.01851, 0.01673, 0.01494, 0.01318, 0.01148, 0.00984, 0.00827, 0.00677, 0.00533, 0.00395, 0.00261, 0.00130,     0.0,
     0.0, 0.00253, 0.00504, 0.00751, 0.00990, 0.01218, 0.01432, 0.01628, 0.01801, 0.01947, 0.02064, 0.02147, 0.02196, 0.02210, 0.02190, 0.02140, 0.02062, 0.01960, 0.01841, 0.01708, 0.01566, 0.01420, 0.01273, 0.01127, 0.00984, 0.00846, 0.00712, 0.00584, 0.00461, 0.00342, 0.00226, 0.00112,     0.0,
     0.0, 0.00208, 0.00414, 0.00616, 0.00811, 0.00998, 0.01172, 0.01330, 0.01471, 0.01589, 0.01684, 0.01752, 0.01793, 0.01806, 0.01792, 0.01754, 0.01694, 0.01615, 0.01520, 0.01415, 0.01301, 0.01184, 0.01064, 0.00944, 0.00827, 0.00712, 0.00601, 0.00494, 0.00390, 0.00290, 0.00192, 0.00095,     0.0,
     0.0, 0.00167, 0.00332, 0.00494, 0.00650, 0.00799, 0.00937, 0.01063, 0.01174, 0.01269, 0.01344, 0.01398, 0.01431, 0.01443, 0.01434, 0.01406, 0.01360, 0.01299, 0.01226, 0.01144, 0.01055, 0.00962, 0.00867, 0.00771, 0.00677, 0.00584, 0.00494, 0.00406, 0.00322, 0.00239, 0.00158, 0.00079,     0.0,
     0.0, 0.00129, 0.00257, 0.00382, 0.00503, 0.00617, 0.00724, 0.00821, 0.00906, 0.00979, 0.01036, 0.01079, 0.01105, 0.01114, 0.01109, 0.01088, 0.01054, 0.01009, 0.00954, 0.00892, 0.00824, 0.00753, 0.00680, 0.00606, 0.00533, 0.00461, 0.00390, 0.00322, 0.00255, 0.00189, 0.00125, 0.00062,     0.0,
     0.0, 0.00094, 0.00188, 0.00279, 0.00367, 0.00450, 0.00528, 0.00598, 0.00660, 0.00713, 0.00755, 0.00786, 0.00805, 0.00813, 0.00809, 0.00795, 0.00771, 0.00739, 0.00700, 0.00655, 0.00606, 0.00555, 0.00502, 0.00448, 0.00395, 0.00342, 0.00290, 0.00239, 0.00189, 0.00141, 0.00093, 0.00047,     0.0,
     0.0, 0.00062, 0.00123, 0.00182, 0.00240, 0.00294, 0.00345, 0.00391, 0.00431, 0.00465, 0.00493, 0.00513, 0.00526, 0.00531, 0.00529, 0.00520, 0.00505, 0.00484, 0.00459, 0.00430, 0.00399, 0.00365, 0.00331, 0.00296, 0.00261, 0.00226, 0.00192, 0.00158, 0.00125, 0.00093, 0.00062, 0.00031,     0.0,
     0.0, 0.00031, 0.00061, 0.00090, 0.00118, 0.00145, 0.00170, 0.00193, 0.00213, 0.00230, 0.00243, 0.00253, 0.00260, 0.00262, 0.00261, 0.00257, 0.00250, 0.00240, 0.00227, 0.00213, 0.00198, 0.00181, 0.00164, 0.00147, 0.00130, 0.00112, 0.00095, 0.00079, 0.00062, 0.00047, 0.00031, 0.00015,     0.0,

     0.0,     0.0,     0.0,     0.0,     0.0,     0.0,     0.0,     0.0,     0.0,     0.0,     0.0,     0.0,     0.0,     0.0,     0.0,     0.0,     0.0,     0.0,     0.0,     0.0,     0.0,     0.0,     0.0,     0.0,     0.0,     0.0,     0.0,     0.0,     0.0,     0.0,     0.0,     0.0,     0.0,
     0.0,     0.0,     0.0,     0.0,     0.0,     0.0,     0.0,     0.0,     0.0,     0.0,     0.0,     0.0,     0.0,     0.0,     0.0,     0.0,     0.0,     0.0,     0.0,     0.0,     0.0,     0.0,     0.0,     0.0,     0.0,     0.0,     0.0,     0.0,     0.0,     0.0,     0.0,     0.0,     0.0,
     0.0, 0.00195, 0.00391, 0.00586, 0.00780, 0.00971, 0.01155, 0.01327, 0.01482, 0.01614, 0.01717, 0.01787, 0.01820, 0.01817, 0.01778, 0.01707, 0.01610, 0.01493, 0.01364, 0.01227, 0.01090, 0.00957, 0.00830, 0.00712, 0.00603, 0.00504, 0.00414, 0.00332, 0.00257, 0.00188, 0.00123, 0.00061,     0.0,
     0.0, 0.00391, 0.00782, 0.01174, 0.01563, 0.01946, 0.02316, 0.02663, 0.02977, 0.03244, 0.03453, 0.03594, 0.03661, 0.03654, 0.03574, 0.03430, 0.03232, 0.02995, 0.02732, 0.02456, 0.02180, 0.01911, 0.01656, 0.01420, 0.01202, 0.01004, 0.00824, 0.00661, 0.00512, 0.00374, 0.00244, 0.00121,     0.0,
     0.0, 0.00586, 0.01174, 0.01762, 0.02349, 0.02928, 0.03489, 0.04017, 0.04495, 0.04903, 0.05222, 0.05438, 0.05540, 0.05527, 0.05402, 0.05179, 0.04874, 0.04509, 0.04106, 0.03685, 0.03265, 0.02858, 0.02474, 0.02118, 0.01791, 0.01495, 0.01226, 0.00983, 0.00760, 0.00555, 0.00363, 0.00179,     0.0,
     0.0, 0.00780, 0.01563, 0.02349, 0.03135, 0.03914, 0.04672, 0.05388, 0.06039, 0.06595, 0.07031, 0.07325, 0.07464, 0.07442, 0.07268, 0.06957, 0.06536, 0.06034, 0.05482, 0.04909, 0.04340, 0.03791, 0.03275, 0.02799, 0.02365, 0.01971, 0.01615, 0.01293, 0.01000, 0.00730, 0.00477, 0.00236,     0.0,
     0.0, 0.00971, 0.01946, 0.02928, 0.03914, 0.04895, 0.05855, 0.06767, 0.07598, 0.08311, 0.08871, 0.09247, 0.09422, 0.09390, 0.09160, 0.08755, 0.08207, 0.07558, 0.06848, 0.06116, 0.05392, 0.04699, 0.04051, 0.03456, 0.02914, 0.02426, 0.01986, 0.01589, 0.01228, 0.00896, 0.00585, 0.00289,     0.0,
     0.0, 0.01155, 0.02316, 0.03489, 0.04672, 0.05855, 0.07018, 0.08129, 0.09147, 0.10023, 0.10711, 0.11174, 0.11386, 0.11341, 0.11050, 0.10542, 0.09860, 0.09056, 0.08181, 0.07285, 0.06405, 0.05567, 0.04788, 0.04076, 0.03432, 0.02853, 0.02333, 0.01865, 0.01440, 0.01050, 0.00686, 0.00339,     0.0,
     0.0, 0.01327, 0.02663, 0.04017, 0.05388, 0.06767, 0.08129, 0.09438, 0.10642, 0.11683, 0.12501, 0.13049, 0.13298, 0.13239, 0.12884, 0.12271, 0.11450, 0.10487, 0.09447, 0.08387, 0.07353, 0.06375, 0.05470, 0.04648, 0.03907, 0.03243, 0.02650, 0.02116, 0.01633, 0.01190, 0.00777, 0.00384,     0.0,
     0.0, 0.01482, 0.02977, 0.04495, 0.06039, 0.07598, 0.09147, 0.10642, 0.12024, 0.13222, 0.14164, 0.14796, 0.15079, 0.15004, 0.14588, 0.13870, 0.12916, 0.11800, 0.10601, 0.09386, 0.08208, 0.07099, 0.06080, 0.05156, 0.04328, 0.03589, 0.02929, 0.02338, 0.01803, 0.01314, 0.00857, 0.00423,     0.0,
     0.0, 0.01614, 0.03244, 0.04903, 0.06595, 0.08311, 0.10023, 0.11683, 0.13222, 0.14558, 0.15612, 0.16316, 0.16630, 0.16542, 0.16069, 0.15259, 0.14184, 0.12932, 0.11593, 0.10242, 0.08938, 0.07716, 0.06597, 0.05588, 0.04685, 0.03882, 0.03166, 0.02526, 0.01947, 0.01418, 0.00926, 0.00457,     0.0,
     0.0, 0.01717, 0.03453, 0.05222, 0.07031, 0.08871, 0.10711, 0.12501, 0.14164, 0.15612, 0.16753, 0.17516, 0.17855, 0.17755, 0.17238, 0.16354, 0.15185, 0.13826, 0.12375, 0.10917, 0.09513, 0.08203, 0.07006, 0.05929, 0.04968, 0.04114, 0.03354, 0.02675, 0.02062, 0.01502, 0.00980, 0.00484,     0.0,
     0.0, 0.01787, 0.03594, 0.05438, 0.07325, 0.09247, 0.11174, 0.13049, 0.14796, 0.16316, 0.17516, 0.18318, 0.18673, 0.18568, 0.18022, 0.17091, 0.15859, 0.14430, 0.12908, 0.11379, 0.09910, 0.08541, 0.07292, 0.06170, 0.05169, 0.04280, 0.03490, 0.02784, 0.02146, 0.01563, 0.01020, 0.00504,     0.0,
     0.0, 0.01820, 0.03661, 0.05540, 0.07464, 0.09422, 0.11386, 0.13298, 0.15079, 0.16630, 0.17855, 0.18673, 0.19037, 0.18930, 0.18374, 0.17427, 0.16172, 0.14717, 0.13166, 0.11609, 0.10113, 0.08719, 0.07448, 0.06304, 0.05284, 0.04378, 0.03571, 0.02850, 0.02198, 0.01602, 0.01046, 0.00516,     0.0,
     0.0, 0.01817, 0.03654, 0.05527, 0.07442, 0.09390, 0.11341, 0.13239, 0.15004, 0.16542, 0.17755, 0.18568, 0.18930, 0.18828, 0.18283, 0.17349, 0.16113, 0.14676, 0.13142, 0.11602, 0.10119, 0.08735, 0.07470, 0.06330, 0.05312, 0.04406, 0.03597, 0.02873, 0.02218, 0.01617, 0.01056, 0.00521,     0.0,
     0.0, 0.01778, 0.03574, 0.05402, 0.07268, 0.09160, 0.11050, 0.12884, 0.14588, 0.16069, 0.17238, 0.18022, 0.18374, 0.18283, 0.17766, 0.16877, 0.15697, 0.14321, 0.12850, 0.11367, 0.09935, 0.08594, 0.07364, 0.06252, 0.05256, 0.04366, 0.03570, 0.02855, 0.02206, 0.01609, 0.01052, 0.00519,     0.0,
     0.0, 0.01707, 0.03430, 0.05179, 0.06957, 0.08755, 0.10542, 0.12271, 0.13870, 0.15259, 0.16354, 0.17091, 0.17427, 0.17349, 0.16877, 0.16059, 0.14967, 0.13690, 0.12318, 0.10928, 0.09580, 0.08311, 0.07142, 0.06079, 0.05123, 0.04264, 0.03493, 0.02798, 0.02165, 0.01581, 0.01034, 0.00511,     0.0,
     0.0, 0.01610, 0.03232, 0.04874, 0.06536, 0.08207, 0.09860, 0.11450, 0.12916, 0.14184, 0.15185, 0.15859, 0.16172, 0.16113, 0.15697, 0.14967, 0.13987, 0.12835, 0.11591, 0.10322, 0.09083, 0.07909, 0.06820, 0.05824, 0.04922, 0.04107, 0.03372, 0.02706, 0.02097, 0.01533, 0.01004, 0.00496,     0.0,
     0.0, 0.01493, 0.02995, 0.04509, 0.06034, 0.07558, 0.09056, 0.10487, 0.11800, 0.12932, 0.13826, 0.14430, 0.14717, 0.14676, 0.14321, 0.13690, 0.12835, 0.11824, 0.10723, 0.09592, 0.08478, 0.07413, 0.06418, 0.05501, 0.04665, 0.03905, 0.03214, 0.02585, 0.02007, 0.01469, 0.00963, 0.00476,     0.0,
     0.0, 0.01364, 0.02732, 0.04106, 0.05482, 0.06848, 0.08181, 0.09447, 0.10601, 0.11593, 0.12375, 0.12908, 0.13166, 0.13142, 0.12850, 0.12318, 0.11591, 0.10723, 0.09770, 0.08782, 0.07800, 0.06853, 0.05959, 0.05129, 0.04365, 0.03665, 0.03026, 0.02439, 0.01897, 0.01391, 0.00913, 0.00452,     0.0,
     0.0, 0.01227, 0.02456, 0.03685, 0.04909, 0.06116, 0.07285, 0.08387, 0.09386, 0.10242, 0.10917, 0.11379, 0.11609, 0.11602, 0.11367, 0.10928, 0.10322, 0.09592, 0.08782, 0.07934, 0.07083, 0.06254, 0.05463, 0.04722, 0.04035, 0.03400, 0.02815, 0.02275, 0.01773, 0.01303, 0.00855, 0.00424,     0.0,
     0.0, 0.01090, 0.02180, 0.03265, 0.04340, 0.05392, 0.06405, 0.07353, 0.08208, 0.08938, 0.09513, 0.09910, 0.10113, 0.10119, 0.09935, 0.09580, 0.09083, 0.08478, 0.07800, 0.07083, 0.06355, 0.05639, 0.04950, 0.04297, 0.03686, 0.03117, 0.02589, 0.02098, 0.01639, 0.01206, 0.00793, 0.00393,     0.0,
     0.0, 0.00957, 0.01911, 0.02858, 0.03791, 0.04699, 0.05567, 0.06375, 0.07099, 0.07716, 0.08203, 0.08541, 0.08719, 0.08735, 0.08594, 0.08311, 0.07909, 0.07413, 0.06853, 0.06254, 0.05639, 0.05028, 0.04434, 0.03866, 0.03329, 0.02826, 0.02354, 0.01912, 0.01497, 0.01103, 0.00726, 0.00360,     0.0,
     0.0, 0.00830, 0.01656, 0.02474, 0.03275, 0.04051, 0.04788, 0.05470, 0.06080, 0.06597, 0.07006, 0.07292, 0.07448, 0.07470, 0.07364, 0.07142, 0.06820, 0.06418, 0.05959, 0.05463, 0.04950, 0.04434, 0.03928, 0.03439, 0.02973, 0.02532, 0.02116, 0.01723, 0.01352, 0.00998, 0.00657, 0.00326,     0.0,
     0.0, 0.00712, 0.01420, 0.02118, 0.02799, 0.03456, 0.04076, 0.04648, 0.05156, 0.05588, 0.05929, 0.06170, 0.06304, 0.06330, 0.06252, 0.06079, 0.05824, 0.05501, 0.05129, 0.04722, 0.04297, 0.03866, 0.03439, 0.03023, 0.02623, 0.02241, 0.01878, 0.01533, 0.01205, 0.00891, 0.00588, 0.00292,     0.0,
     0.0, 0.00603, 0.01202, 0.01791, 0.02365, 0.02914, 0.03432, 0.03907, 0.04328, 0.04685, 0.04968, 0.05169, 0.05284, 0.05312, 0.05256, 0.05123, 0.04922, 0.04665, 0.04365, 0.04035, 0.03686, 0.03329, 0.02973, 0.02623, 0.02283, 0.01956, 0.01644, 0.01345, 0.01059, 0.00784, 0.00518, 0.00257,     0.0,
     0.0, 0.00504, 0.01004, 0.01495, 0.01971, 0.02426, 0.02853, 0.03243, 0.03589, 0.03882, 0.04114, 0.04280, 0.04378, 0.04406, 0.04366, 0.04264, 0.04107, 0.03905, 0.03665, 0.03400, 0.03117, 0.02826, 0.02532, 0.02241, 0.01956, 0.01681, 0.01416, 0.01161, 0.00916, 0.00679, 0.00449, 0.00223,     0.0,
     0.0, 0.00414, 0.00824, 0.01226, 0.01615, 0.01986, 0.02333, 0.02650, 0.02929, 0.03166, 0.03354, 0.03490, 0.03571, 0.03597, 0.03570, 0.03493, 0.03372, 0.03214, 0.03026, 0.02815, 0.02589, 0.02354, 0.02116, 0.01878, 0.01644, 0.01416, 0.01195, 0.00982, 0.00776, 0.00576, 0.00381, 0.00190,     0.0,
     0.0, 0.00332, 0.00661, 0.00983, 0.01293, 0.01589, 0.01865, 0.02116, 0.02338, 0.02526, 0.02675, 0.02784, 0.02850, 0.02873, 0.02855, 0.02798, 0.02706, 0.02585, 0.02439, 0.02275, 0.02098, 0.01912, 0.01723, 0.01533, 0.01345, 0.01161, 0.00982, 0.00808, 0.00639, 0.00475, 0.00314, 0.00157,     0.0,
     0.0, 0.00257, 0.00512, 0.00760, 0.01000, 0.01228, 0.01440, 0.01633, 0.01803, 0.01947, 0.02062, 0.02146, 0.02198, 0.02218, 0.02206, 0.02165, 0.02097, 0.02007, 0.01897, 0.01773, 0.01639, 0.01497, 0.01352, 0.01205, 0.01059, 0.00916, 0.00776, 0.00639, 0.00506, 0.00376, 0.00249, 0.00124,     0.0,
     0.0, 0.00188, 0.00374, 0.00555, 0.00730, 0.00896, 0.01050, 0.01190, 0.01314, 0.01418, 0.01502, 0.01563, 0.01602, 0.01617, 0.01609, 0.01581, 0.01533, 0.01469, 0.01391, 0.01303, 0.01206, 0.01103, 0.00998, 0.00891, 0.00784, 0.00679, 0.00576, 0.00475, 0.00376, 0.00280, 0.00186, 0.00092,     0.0,
     0.0, 0.00123, 0.00244, 0.00363, 0.00477, 0.00585, 0.00686, 0.00777, 0.00857, 0.00926, 0.00980, 0.01020, 0.01046, 0.01056, 0.01052, 0.01034, 0.01004, 0.00963, 0.00913, 0.00855, 0.00793, 0.00726, 0.00657, 0.00588, 0.00518, 0.00449, 0.00381, 0.00314, 0.00249, 0.00186, 0.00123, 0.00061,     0.0,
     0.0, 0.00061, 0.00121, 0.00179, 0.00236, 0.00289, 0.00339, 0.00384, 0.00423, 0.00457, 0.00484, 0.00504, 0.00516, 0.00521, 0.00519, 0.00511, 0.00496, 0.00476, 0.00452, 0.00424, 0.00393, 0.00360, 0.00326, 0.00292, 0.00257, 0.00223, 0.00190, 0.00157, 0.00124, 0.00092, 0.00061, 0.00031,     0.0,

     0.0,     0.0,     0.0,     0.0,     0.0,     0.0,     0.0,     0.0,     0.0,     0.0,     0.0,     0.0,     0.0,     0.0,     0.0,     0.0,     0.0,     0.0,     0.0,     0.0,     0.0,     0.0,     0.0,     0.0,     0.0,     0.0,     0.0,     0.0,     0.0,     0.0,     0.0,     0.0,     0.0,
     0.0,     0.0,     0.0,     0.0,     0.0,     0.0,     0.0,     0.0,     0.0,     0.0,     0.0,     0.0,     0.0,     0.0,     0.0,     0.0,     0.0,     0.0,     0.0,     0.0,     0.0,     0.0,     0.0,     0.0,     0.0,     0.0,     0.0,     0.0,     0.0,     0.0,     0.0,     0.0,     0.0,
     0.0, 0.00293, 0.00586, 0.00880, 0.01172, 0.01460, 0.01738, 0.01999, 0.02235, 0.02436, 0.02593, 0.02700, 0.02751, 0.02745, 0.02684, 0.02575, 0.02426, 0.02246, 0.02048, 0.01840, 0.01632, 0.01431, 0.01240, 0.01062, 0.00899, 0.00751, 0.00616, 0.00494, 0.00382, 0.00279, 0.00182, 0.00090,     0.0,
     0.0, 0.00586, 0.01174, 0.01762, 0.02349, 0.02928, 0.03489, 0.04017, 0.04495, 0.04903, 0.05222, 0.05438, 0.05540, 0.05527, 0.05402, 0.05179, 0.04874, 0.04509, 0.04106, 0.03685, 0.03265, 0.02858, 0.02474, 0.02118, 0.01791, 0.01495, 0.01226, 0.00983, 0.00760, 0.00555, 0.00363, 0.00179,     0.0,
     0.0, 0.00880, 0.01762, 0.02648, 0.03534, 0.04410, 0.05263, 0.06069, 0.06800, 0.07425, 0.07916, 0.08246, 0.08402, 0.08378, 0.08183, 0.07835, 0.07362, 0.06798, 0.06179, 0.05535, 0.04894, 0.04277, 0.03696, 0.03160, 0.02670, 0.02226, 0.01825, 0.01461, 0.01130, 0.00825, 0.00539, 0.00266,     0.0,
     0.0, 0.01172, 0.02349, 0.03534, 0.04722, 0.05905, 0.07060, 0.08158, 0.09158, 0.10016, 0.10689, 0.11142, 0.11353, 0.11315, 0.11039, 0.10553, 0.09896, 0.09116, 0.08263, 0.07383, 0.06512, 0.05678, 0.04897, 0.04178, 0.03525, 0.02935, 0.02404, 0.01924, 0.01487, 0.01085, 0.00709, 0.00350,     0.0,
     0.0, 0.01460, 0.02928, 0.04410, 0.05905, 0.07399, 0.08868, 0.10272, 0.11558, 0.12665, 0.13535, 0.14119, 0.14387, 0.14331, 0.13964, 0.13323, 0.12463, 0.11447, 0.10344, 0.09213, 0.08102, 0.07044, 0.06061, 0.05161, 0.04347, 0.03614, 0.02956, 0.02364, 0.01825, 0.01331, 0.00869, 0.00429,     0.0,
     0.0, 0.01738, 0.03489, 0.05263, 0.07060, 0.08868, 0.10658, 0.12379, 0.13965, 0.15335, 0.16414, 0.17137, 0.17464, 0.17385, 0.16917, 0.16106, 0.15024, 0.13755, 0.12386, 0.10993, 0.09636, 0.08353, 0.07168, 0.06091, 0.05120, 0.04251, 0.03473, 0.02774, 0.02141, 0.01560, 0.01019, 0.00503,     0.0,
     0.0, 0.01999, 0.04017, 0.06069, 0.08158, 0.10272, 0.12379, 0.14420, 0.16311, 0.17952, 0.19245, 0.20110, 0.20496, 0.20391, 0.19814, 0.18825, 0.17510, 0.15977, 0.14336, 0.12680, 0.11078, 0.09575, 0.08196, 0.06949, 0.05831, 0.04834, 0.03945, 0.03148, 0.02428, 0.01769, 0.01154, 0.00570,     0.0,
     0.0, 0.02235, 0.04495, 0.06800, 0.09158, 0.11558, 0.13965, 0.16311, 0.18496, 0.20401, 0.21903, 0.22905, 0.23349, 0.23215, 0.22531, 0.21364, 0.19820, 0.18029, 0.16124, 0.14215, 0.12382, 0.10674, 0.09115, 0.07713, 0.06462, 0.05351, 0.04362, 0.03479, 0.02682, 0.01953, 0.01274, 0.00629,     0.0,
     0.0, 0.02436, 0.04903, 0.07425, 0.10016, 0.12665, 0.15335, 0.17952, 0.20401, 0.22541, 0.24230, 0.25356, 0.25849, 0.25690, 0.24908, 0.23580, 0.21829, 0.19808, 0.17667, 0.15534, 0.13498, 0.11611, 0.09897, 0.08362, 0.06997, 0.05788, 0.04716, 0.03758, 0.02896, 0.02108, 0.01375, 0.00679,     0.0,
     0.0, 0.02593, 0.05222, 0.07916, 0.10689, 0.13535, 0.16414, 0.19245, 0.21903, 0.24230, 0.26069, 0.27293, 0.27827, 0.27648, 0.26787, 0.25332, 0.23417, 0.21212, 0.18885, 0.16575, 0.14378, 0.12350, 0.10515, 0.08875, 0.07421, 0.06136, 0.04997, 0.03981, 0.03067, 0.02233, 0.01456, 0.00719,     0.0,
     0.0, 0.02700, 0.05438, 0.08246, 0.11142, 0.14119, 0.17137, 0.20110, 0.22905, 0.25356, 0.27293, 0.28583, 0.29144, 0.28953, 0.28043, 0.26505, 0.24485, 0.22160, 0.19712, 0.17287, 0.14984, 0.12863, 0.10946, 0.09237, 0.07723, 0.06384, 0.05199, 0.04143, 0.03192, 0.02324, 0.01516, 0.00748,     0.0,
     0.0, 0.02751, 0.05540, 0.08402, 0.11353, 0.14387, 0.17464, 0.20496, 0.23349, 0.25849, 0.27827, 0.29144, 0.29718, 0.29525, 0.28598, 0.27031, 0.24971, 0.22602, 0.20108, 0.17637, 0.15292, 0.13131, 0.11179, 0.09437, 0.07894, 0.06529, 0.05320, 0.04241, 0.03269, 0.02381, 0.01554, 0.00767,     0.0,
     0.0, 0.02745, 0.05527, 0.08378, 0.11315, 0.14331, 0.17385, 0.20391, 0.23215, 0.25690, 0.27648, 0.28953, 0.29525, 0.29339, 0.28430, 0.26889, 0.24860, 0.22524, 0.20060, 0.17617, 0.15294, 0.13150, 0.11209, 0.09475, 0.07935, 0.06570, 0.05358, 0.04275, 0.03298, 0.02403, 0.01569, 0.00775,     0.0,
     0.0, 0.02684, 0.05402, 0.08183, 0.11039, 0.13964, 0.16917, 0.19814, 0.22531, 0.24908, 0.26787, 0.28043, 0.28598, 0.28430, 0.27571, 0.26108, 0.24177, 0.21947, 0.19589, 0.17242, 0.15004, 0.12930, 0.11045, 0.09355, 0.07849, 0.06510, 0.05317, 0.04248, 0.03280, 0.02392, 0.01562, 0.00772,     0.0,
     0.0, 0.02575, 0.05179, 0.07835, 0.10553, 0.13323, 0.16106, 0.18825, 0.21364, 0.23580, 0.25332, 0.26505, 0.27031, 0.26889, 0.26108, 0.24768, 0.22991, 0.20931, 0.18742, 0.16552, 0.14451, 0.12493, 0.10704, 0.09091, 0.07646, 0.06356, 0.05201, 0.04162, 0.03218, 0.02349, 0.01536, 0.00759,     0.0,
     0.0, 0.02426, 0.04874, 0.07362, 0.09896, 0.12463, 0.15024, 0.17510, 0.19820, 0.21829, 0.23417, 0.24485, 0.24971, 0.24860, 0.24177, 0.22991, 0.21410, 0.19566, 0.17593, 0.15604, 0.13681, 0.11875, 0.10213, 0.08703, 0.07343, 0.06120, 0.05020, 0.04025, 0.03117, 0.02278, 0.01491, 0.00737,     0.0,
     0.0, 0.02246, 0.04509, 0.06798, 0.09116, 0.11447, 0.13755, 0.15977, 0.18029, 0.19808, 0.21212, 0.22160, 0.22602, 0.22524, 0.21947, 0.20931, 0.19566, 0.17962, 0.16230, 0.14468, 0.12747, 0.11116, 0.09602, 0.08215, 0.06956, 0.05815, 0.04783, 0.03844, 0.02982, 0.02183, 0.01430, 0.00707,     0.0,
     0.0, 0.02048, 0.04106, 0.06179, 0.08263, 0.10344, 0.12386, 0.14336, 0.16124, 0.17667, 0.18885, 0.19712, 0.20108, 0.20060, 0.19589, 0.18742, 0.17593, 0.16230, 0.14744, 0.13215, 0.11707, 0.10261, 0.08906, 0.07653, 0.06505, 0.05457, 0.04501, 0.03626, 0.02819, 0.02067, 0.01355, 0.00671,     0.0,
     0.0, 0.01840, 0.03685, 0.05535, 0.07383, 0.09213, 0.10993, 0.12680, 0.14215, 0.15534, 0.16575, 0.17287, 0.17637, 0.17617, 0.17242, 0.16552, 0.15604, 0.14468, 0.13215, 0.11912, 0.10611, 0.09351, 0.08157, 0.07041, 0.06009, 0.05059, 0.04186, 0.03381, 0.02635, 0.01935, 0.01270, 0.00629,     0.0,
     0.0, 0.01632, 0.03265, 0.04894, 0.06512, 0.08102, 0.09636, 0.11078, 0.12382, 0.13498, 0.14378, 0.14984, 0.15292, 0.15294, 0.15004, 0.14451, 0.13681, 0.12747, 0.11707, 0.10611, 0.09505, 0.08421, 0.07382, 0.06402, 0.05487, 0.04637, 0.03849, 0.03117, 0.02434, 0.01790, 0.01177, 0.00583,     0.0,
     0.0, 0.01431, 0.02858, 0.04277, 0.05678, 0.07044, 0.08353, 0.09575, 0.10674, 0.11611, 0.12350, 0.12863, 0.13131, 0.13150, 0.12930, 0.12493, 0.11875, 0.11116, 0.10261, 0.09351, 0.08421, 0.07500, 0.06607, 0.05756, 0.04953, 0.04201, 0.03498, 0.02841, 0.02223, 0.01638, 0.01078, 0.00535,     0.0,
     0.0, 0.01240, 0.02474, 0.03696, 0.04897, 0.06061, 0.07168, 0.08196, 0.09115, 0.09897, 0.10515, 0.10946, 0.11179, 0.11209, 0.11045, 0.10704, 0.10213, 0.09602, 0.08906, 0.08157, 0.07382, 0.06607, 0.05848, 0.05116, 0.04420, 0.03763, 0.03143, 0.02559, 0.02007, 0.01481, 0.00976, 0.00484,     0.0,
     0.0, 0.01062, 0.02118, 0.03160, 0.04178, 0.05161, 0.06091, 0.06949, 0.07713, 0.08362, 0.08875, 0.09237, 0.09437, 0.09475, 0.09355, 0.09091, 0.08703, 0.08215, 0.07653, 0.07041, 0.06402, 0.05756, 0.05116, 0.04495, 0.03898, 0.03329, 0.02789, 0.02276, 0.01789, 0.01322, 0.00872, 0.00433,     0.0,
     0.0, 0.00899, 0.01791, 0.02670, 0.03525, 0.04347, 0.05120, 0.05831, 0.06462, 0.06997, 0.07421, 0.07723, 0.07894, 0.07935, 0.07849, 0.07646, 0.07343, 0.06956, 0.06505, 0.06009, 0.05487, 0.04953, 0.04420, 0.03898, 0.03392, 0.02906, 0.02441, 0.01997, 0.01572, 0.01164, 0.00769, 0.00382,     0.0,
     0.0, 0.00751, 0.01495, 0.02226, 0.02935, 0.03614, 0.04251, 0.04834, 0.05351, 0.05788, 0.06136, 0.06384, 0.06529, 0.06570, 0.06510, 0.06356, 0.06120, 0.05815, 0.05457, 0.05059, 0.04637, 0.04201, 0.03763, 0.03329, 0.02906, 0.02496, 0.02102, 0.01723, 0.01359, 0.01008, 0.00666, 0.00331,     0.0,
     0.0, 0.00616, 0.01226, 0.01825, 0.02404, 0.02956, 0.03473, 0.03945, 0.04362, 0.04716, 0.04997, 0.05199, 0.05320, 0.05358, 0.05317, 0.05201, 0.05020, 0.04783, 0.04501, 0.04186, 0.03849, 0.03498, 0.03143, 0.02789, 0.02441, 0.02102, 0.01774, 0.01457, 0.01151, 0.00854, 0.00565, 0.00281,     0.0,
     0.0, 0.00494, 0.00983, 0.01461, 0.01924, 0.02364, 0.02774, 0.03148, 0.03479, 0.03758, 0.03981, 0.04143, 0.04241, 0.04275, 0.04248, 0.04162, 0.04025, 0.03844, 0.03626, 0.03381, 0.03117, 0.02841, 0.02559, 0.02276, 0.01997, 0.01723, 0.01457, 0.01199, 0.00948, 0.00705, 0.00466, 0.00232,     0.0,
     0.0, 0.00382, 0.00760, 0.01130, 0.01487, 0.01825, 0.02141, 0.02428, 0.02682, 0.02896, 0.03067, 0.03192, 0.03269, 0.03298, 0.03280, 0.03218, 0.03117, 0.02982, 0.02819, 0.02635, 0.02434, 0.02223, 0.02007, 0.01789, 0.01572, 0.01359, 0.01151, 0.00948, 0.00751, 0.00558, 0.00370, 0.00184,     0.0,
     0.0, 0.00279, 0.00555, 0.00825, 0.01085, 0.01331, 0.01560, 0.01769, 0.01953, 0.02108, 0.02233, 0.02324, 0.02381, 0.02403, 0.02392, 0.02349, 0.02278, 0.02183, 0.02067, 0.01935, 0.01790, 0.01638, 0.01481, 0.01322, 0.01164, 0.01008, 0.00854, 0.00705, 0.00558, 0.00416, 0.00275, 0.00137,     0.0,
     0.0, 0.00182, 0.00363, 0.00539, 0.00709, 0.00869, 0.01019, 0.01154, 0.01274, 0.01375, 0.01456, 0.01516, 0.01554, 0.01569, 0.01562, 0.01536, 0.01491, 0.01430, 0.01355, 0.01270, 0.01177, 0.01078, 0.00976, 0.00872, 0.00769, 0.00666, 0.00565, 0.00466, 0.00370, 0.00275, 0.00183, 0.00091,     0.0,
     0.0, 0.00090, 0.00179, 0.00266, 0.00350, 0.00429, 0.00503, 0.00570, 0.00629, 0.00679, 0.00719, 0.00748, 0.00767, 0.00775, 0.00772, 0.00759, 0.00737, 0.00707, 0.00671, 0.00629, 0.00583, 0.00535, 0.00484, 0.00433, 0.00382, 0.00331, 0.00281, 0.00232, 0.00184, 0.00137, 0.00091, 0.00045,     0.0,

     0.0,     0.0,     0.0,     0.0,     0.0,     0.0,     0.0,     0.0,     0.0,     0.0,     0.0,     0.0,     0.0,     0.0,     0.0,     0.0,     0.0,     0.0,     0.0,     0.0,     0.0,     0.0,     0.0,     0.0,     0.0,     0.0,     0.0,     0.0,     0.0,     0.0,     0.0,     0.0,     0.0,
     0.0,     0.0,     0.0,     0.0,     0.0,     0.0,     0.0,     0.0,     0.0,     0.0,     0.0,     0.0,     0.0,     0.0,     0.0,     0.0,     0.0,     0.0,     0.0,     0.0,     0.0,     0.0,     0.0,     0.0,     0.0,     0.0,     0.0,     0.0,     0.0,     0.0,     0.0,     0.0,     0.0,
     0.0, 0.00390, 0.00780, 0.01172, 0.01563, 0.01949, 0.02324, 0.02678, 0.02998, 0.03272, 0.03486, 0.03630, 0.03699, 0.03689, 0.03605, 0.03454, 0.03248, 0.03003, 0.02732, 0.02450, 0.02169, 0.01897, 0.01641, 0.01403, 0.01186, 0.00990, 0.00811, 0.00650, 0.00503, 0.00367, 0.00240, 0.00118,     0.0,
